414386
349952
283599
500766878
194396
278698178
366728
1564084
310568068
45223917
622756
194741
7693451
1870139
229056334
38396
591270
4592
68232
14722266
560276140
349923308
283704473
294364121
7138683
9626671
6586611
892955
4166999
284983268
1025218
174370090
2627912
6239515
245013
404144
417804
214042
457089
10620138
71119
59094769
30942
312949266
545931176
318108
502927
1149040
46479
144643
8168540
206667
6168751
574611
16123174
415176
367161
690440
69277439
259799848
286072033
6845276
224057
5798101
1107958
544898928
556854073
258197123
197402678
4728503
108841
65931
11454612
12825558
18097
15849260
64604955
1996896
3451073
1313446
315371
814
1167201
6886002
10197297
52740
181037
691148
7964417
74562
394260
4913916
381904206
374097709
574902
2906827
616303733
507074
285725039
528930680
379674425
660052559
300228248
561317705
60400745
2905061
494132741
1254957
258138330
63465160
1278823
347425
7592
449565718
448151334
709
30614327
224662848
563026
532543553
6214092
222604582
317082234
507458961
59785
374535
493967500
575029842
238260662
401261226
223449016
295592435
15411136
1730907
18059127
90690510
244247826
237177417
30343835
900870
102975553
1237834
32390
52801194
9569314
5428792
372199040
488274180
383947054
283766971
333744920
234404518
234932745
4715207
313807864
24343496
89187632
59895151
19416996
310088715
197406230
166947064
179965969
162567587
984808
156323777
2118243
424951
498759
669294
102658332
860688
181051
1009993
636253
1511352
63727494
30832
380159
34129120
37840
554838
202923
11554595
114293
2004169
3498989
65745
921964
948308
115807109
33968
11684290
1266620
2810350
371733
8946298
1446315
3742219
413800
1402207
81436398
310679
79014
4012482
4047708
283004
4111504
693523
17043567
2071563
27837
517993
31592987
8865180
783055
3868657
638535
51673593
687755
292261
81812
434610
4233732
30233
2911409
55563
62351197
269
8658001
573030
1328
47999
85812
482514
3743
1321861
1585441
166714
2136437
125611
2164515
30839623
782825
163397
13694553
558279
637
407019
7977674
1538
966466
6153634
268365
475392
1385019
51755
58032819
8444062
298912
6962409
52045708
551579
1368553
515506
136989
276542
182749
5501605
12714
889704
268317
1729077
43567770
352738
2521650
552564270
198985056
1222295
170204981
1253
616056305
511882511
474635634
